****************************************************************************************************
----------------------------------------------------------------------------------------------------
Ambient Table:
     Depth   Amb-cur   Amb-dir   Amb-sal   Amb-tem   Amb-pol     Decay   Far-spd   Far-dir   Disprsn
         m       m/s       deg       psu         C     kg/kg       s-1       m/s       deg  m0.67/s2
     0.000     0.090     0.000    32.000    14.000     0.000     0.000     0.050     0.000   0.00030
     2.000     0.085     0.000    32.000    12.000     0.000     0.000     0.050     0.000   0.00030
     4.000     0.070     0.000    32.000     8.000     0.000     0.000     0.050     0.000   0.00030
     6.000     0.065     0.000    32.000     8.000     0.000     0.000     0.050     0.000   0.00030
     8.000     0.060     0.000    32.000     8.000     0.000     0.000     0.050     0.000   0.00030
    10.000     0.055     0.000    32.000     8.000     0.000     0.000     0.050     0.000   0.00030
    12.000     0.050     0.000    32.000     8.000     0.000     0.000     0.050     0.000   0.00030
----------------------------------------------------------------------------------------------------
Diffuser Table:
     P-dia    P-elev   V-angle   H-angle     Ports   Spacing   AcuteMZ   ChrncMZ   P-depth   Ttl-flo   Eff-sal      Temp   Polutnt
       (m)       (m)     (deg)     (deg)        ()       (m)       (m)       (m)       (m)    (m3/s)     (psu)       (C)   (kg/kg)
      0.08      0.31     45.00     30.00     18.00      6.10     10.20    102.00     11.00      0.35      0.00     26.30    100.00
----------------------------------------------------------------------------------------------------
Simulation Results:
             Avg-Dil     P-dia    x-posn    y-posn     Depth     P-Sal    P-Con.
      Step        ()       (m)       (m)       (m)       (m)     (psu)   (kg/kg)
        10     1.213     0.091     0.024     0.014   -10.972     5.749    82.461
        20     1.472     0.111     0.053     0.031   -10.939    10.465    67.930
        30     1.788     0.135     0.089     0.051   -10.898    14.334    55.915
        40     2.174     0.164     0.132     0.075   -10.849    17.508    45.997
        50     2.644     0.199     0.185     0.105   -10.789    20.111    37.818
        60     3.217     0.241     0.248     0.140   -10.718    22.247    31.081
        70     3.916     0.293     0.325     0.182   -10.632    23.999    25.536
        80     4.768     0.354     0.417     0.232   -10.529    25.436    20.974
        90     5.806     0.428     0.528     0.291   -10.406    26.616    17.223
       100     7.072     0.516     0.660     0.359   -10.259    27.583    14.141
       110     8.615     0.621     0.816     0.438   -10.085    28.376    11.608
       120    10.496     0.743     1.000     0.528    -9.879    29.027     9.528
       130    12.788     0.886     1.215     0.629    -9.634    29.561     7.820
       140    15.583     1.049     1.462     0.740    -9.347    30.000     6.417
       150    18.990     1.236     1.738     0.858    -9.016    30.359     5.266
       160    23.143     1.448     2.041     0.979    -8.642    30.654     4.321
       170    28.205     1.686     2.369     1.102    -8.222    30.896     3.545
       180    34.376     1.954     2.722     1.224    -7.755    31.094     2.909
       190    41.898     2.253     3.100     1.342    -7.240    31.257     2.387
       200    51.068     2.588     3.504     1.457    -6.675    31.390     1.958
       210    62.246     2.963     3.940     1.567    -6.060    31.500     1.607
       220    75.872     3.382     4.410     1.671    -5.392    31.590     1.318
       230    92.482     3.851     4.921     1.769    -4.671    31.663     1.081
       240   112.729     4.375     5.480     1.861    -3.896    31.724     0.887
---------------------------- Plume traps -----------------------------
       250   136.969     5.035     6.061     1.943    -3.132    31.773     0.730
--------------------------merging happened----------------------------
       260   154.225     5.605     6.405     1.985    -2.739    31.798     0.648
       270   165.386     6.100     6.666     2.014    -2.481    31.812     0.605
---------------------------- Plume surfaces --------------------------
       275   169.364     6.338     6.785     2.027    -2.376    31.816     0.590
-------------------- Starting Farfield Calculations --------------------
Farfield dispersion based on wastefield width of :     109.46 (m)
4/3 Power Law based Eddy Diffusivity is used:
  Dilution     Width  Distance
        ()       (m)       (m)
   169.364   109.473     7.082
   169.364   110.503    10.000
   169.364   114.020    20.000
   169.366   117.541    30.000
   169.407   121.091    40.000
   169.617   124.673    50.000
   170.148   128.285    60.000
   171.084   131.928    70.000
   172.444   135.600    80.000
   174.206   139.303    90.000
   176.330   143.036   100.000
............................. Reached Chronic Mixing Zone ..........................
   177.197   144.423   103.695
